83,3
83,2
83,1
83,0
0,527
82,5
0,526
82,4
82,3
82,2
82,1
82,0
0,525
81,4
81,3
81,2
81,1
81,0
0,524
80,3
80,2
80,1
80,0
79,5
79,4
79,3
79,2
79,1
79,0
78,4
78,3
78,2
78,1
78,0
77,3
77,2
77,1
77,0
76,5
76,4
0,523
76,3
76,2
76,1
76,0
75,4
75,3
75,2
75,1
75,0
0,522
0,521
74,3
74,2
74,1
74,0
73,5
73,4
73,3
73,2
73,1
73,0
72,4
72,3
72,2
72,1
72,0
71,3
71,2
71,1
71,0
70,5
70,4
70,3
70,2
70,1
70,0
69,4
69,3
69,2
69,1
69,0
0,520
68,3
68,2
68,1
68,0
67,5
0,519
0,518
67,4
0,517
67,3
67,2
67,1
67,0
0,516
0,515
0,514
66,4
0,513
66,3
66,2
66,1
66,0
0,512
0,511
0,510
0,509
0,508
65,3
65,2
65,1
65,0
64,5
64,4
64,3
64,2
64,1
64,0
63,4
63,3
63,2
63,1
63,0
62,3
62,2
62,1
62,0
61,5
61,4
0,507
0,506
61,3
61,2
0,505
61,1
61,0
0,504
0,503
0,502
60,4
0,501
60,3
60,2
60,1
60,0
0,500
59,3
59,2
59,1
59,0
0,499
58,5
0,498
0,497
58,4
0,496
0,495
58,3
58,2
58,1
58,0
0,494
57,4
57,3
57,2
57,1
57,0
56,3
56,2
56,1
56,0
55,5
55,4
55,3
55,2
55,1
55,0
54,4
54,3
54,2
